polygon 0
(5, 20)
(7, 20)
(9, 20)
(11, 20)
(11, 24)
(11, 25)
(7, 25)
(6, 25)
(5, 25)
(5, 24)
(5, 21)
polygon 1
(14, 20)
(15, 20)
(16, 20)
(19, 20)
(19, 22)
(19, 23)
(19, 26)
(18, 26)
(17, 26)
(14, 26)
(14, 24)
(14, 23)
(14, 21)
polygon 2
(22, 25)
(24, 25)
(26, 25)
(26, 26)
(26, 28)
(26, 29)
(26, 30)
(22, 30)
(22, 26)
polygon 3
(2, 14)
(3, 14)
(4, 14)
(6, 14)
(6, 16)
(6, 17)
(6, 18)
(6, 19)
(4, 19)
(3, 19)
(2, 19)
(2, 17)
(2, 16)
(2, 15)
polygon 4
(25, 16)
(26, 16)
(27, 16)
(28, 16)
(28, 17)
(28, 20)
(28, 21)
(28, 24)
(26, 24)
(25, 24)
(25, 23)
(25, 21)
(25, 20)
(25, 19)
(25, 17)
polygon 5
(22, 7)
(24, 7)
(25, 7)
(26, 7)
(26, 8)
(26, 10)
(26, 11)
(25, 11)
(23, 11)
(22, 11)
(22, 9)
(22, 8)
polygon 6
(16, 16)
(18, 16)
(19, 16)
(20, 16)
(20, 17)
(20, 19)
(20, 20)
(19, 20)
(16, 20)
(16, 19)
(16, 17)
polygon 7
(9, 2)
(10, 2)
(11, 2)
(12, 2)
(12, 4)
(12, 6)
(12, 8)
(11, 8)
(9, 8)
(9, 7)
(9, 6)
(9, 5)
(9, 4)
(9, 3)
polygon 8
(7, 7)
(8, 7)
(9, 7)
(9, 8)
(9, 10)
(9, 11)
(9, 12)
(9, 13)
(9, 14)
(9, 16)
(9, 18)
(9, 19)
(9, 20)
(7, 20)
(7, 19)
(7, 18)
(7, 17)
(7, 16)
(7, 14)
(7, 11)
(7, 10)
(7, 8)
polygon 9
(2, 5)
(3, 5)
(4, 5)
(7, 5)
(7, 6)
(7, 7)
(7, 8)
(6, 8)
(5, 8)
(3, 8)
(2, 8)
(2, 6)
polygon 10
(23, 2)
(24, 2)
(26, 2)
(27, 2)
(28, 2)
(28, 3)
(28, 5)
(27, 5)
(26, 5)
(25, 5)
(23, 5)
(23, 4)
(23, 3)
polygon 11
(0, 0)
(3, 0)
(3, 1)
(3, 2)
(3, 4)
(1, 4)
(0, 4)
polygon 12
(16, 5)
(17, 5)
(18, 5)
(19, 5)
(19, 6)
(19, 7)
(19, 9)
(18, 9)
(16, 9)
(16, 8)
(16, 7)
polygon 13
(14, 12)
(16, 12)
(17, 12)
(18, 12)
(18, 13)
(18, 14)
(18, 15)
(16, 15)
(15, 15)
(14, 15)
(14, 14)
polygon 14
(27, 10)
(28, 10)
(29, 10)
(30, 10)
(30, 14)
(29, 14)
(28, 14)
(27, 14)
(27, 13)
(27, 12)
(27, 11)
polygon 15
(2, 21)
(4, 21)
(5, 21)
(5, 24)
(3, 24)
(2, 24)
(2, 22)
polygon 16
(0, 8)
(1, 8)
(2, 8)
(2, 9)
(2, 10)
(2, 11)
(2, 12)
(2, 13)
(2, 14)
(1, 14)
(0, 14)
polygon 17
(19, 23)
(20, 23)
(21, 23)
(21, 26)
(21, 28)
(20, 28)
(19, 28)
(19, 26)
polygon 18
(7, 25)
(11, 25)
(12, 25)
(12, 27)
(10, 27)
(9, 27)
(8, 27)
(7, 27)
(7, 26)
polygon 19
(0, 17)
(1, 17)
(2, 17)
(2, 19)
(2, 20)
(2, 21)
(1, 21)
(0, 21)
polygon 20
(12, 17)
(15, 17)
(16, 17)
(16, 19)
(15, 19)
(13, 19)
(12, 19)
(12, 18)
polygon 21
(24, 12)
(25, 12)
(26, 12)
(26, 13)
(26, 14)
(26, 15)
(26, 16)
(25, 16)
(24, 16)
(24, 15)
(24, 13)
polygon 22
(13, 26)
(14, 26)
(17, 26)
(17, 27)
(17, 28)
(16, 28)
(14, 28)
(13, 28)
(13, 27)
polygon 23
(4, 26)
(5, 26)
(6, 26)
(6, 27)
(6, 28)
(6, 29)
(6, 30)
(4, 30)
(4, 28)
polygon 24
(10, 11)
(11, 11)
(12, 11)
(12, 13)
(12, 15)
(11, 15)
(10, 15)
(10, 14)
(10, 13)
(10, 12)
polygon 25
(28, 21)
(29, 21)
(30, 21)
(30, 25)
(29, 25)
(28, 25)
(28, 24)
polygon 26
(11, 20)
(13, 20)
(13, 21)
(13, 23)
(13, 24)
(12, 24)
(11, 24)
polygon 27
(20, 17)
(21, 17)
(22, 17)
(23, 17)
(23, 18)
(23, 19)
(21, 19)
(20, 19)
polygon 28
(12, 8)
(13, 8)
(14, 8)
(14, 10)
(14, 11)
(13, 11)
(12, 11)
(12, 10)
(12, 9)
polygon 29
(19, 7)
(20, 7)
(21, 7)
(21, 8)
(21, 9)
(21, 10)
(19, 10)
(19, 9)
polygon 30
(15, 0)
(17, 0)
(17, 2)
(17, 3)
(16, 3)
(15, 3)
(15, 2)
(15, 1)
polygon 31
(0, 27)
(1, 27)
(2, 27)
(2, 28)
(2, 29)
(2, 30)
(0, 30)
polygon 32
(27, 26)
(28, 26)
(29, 26)
(29, 27)
(29, 28)
(29, 29)
(28, 29)
(27, 29)
(27, 28)
polygon 33
(28, 17)
(29, 17)
(30, 17)
(30, 20)
(29, 20)
(28, 20)
polygon 34
(9, 16)
(10, 16)
(11, 16)
(12, 16)
(12, 17)
(12, 18)
(10, 18)
(9, 18)
polygon 35
(0, 22)
(1, 22)
(2, 22)
(2, 24)
(2, 25)
(0, 25)
polygon 36
(3, 10)
(4, 10)
(5, 10)
(5, 11)
(5, 12)
(5, 13)
(4, 13)
(3, 13)
(3, 12)
(3, 11)
polygon 37
(13, 3)
(14, 3)
(15, 3)
(15, 4)
(15, 5)
(15, 6)
(14, 6)
(13, 6)
(13, 4)
polygon 38
(16, 9)
(18, 9)
(18, 10)
(18, 11)
(17, 11)
(16, 11)
(16, 10)
polygon 39
(12, 28)
(13, 28)
(14, 28)
(14, 29)
(14, 30)
(12, 30)
(12, 29)
polygon 40
(18, 11)
(19, 11)
(20, 11)
(20, 13)
(19, 13)
(18, 13)
(18, 12)
polygon 41
(19, 4)
(20, 4)
(21, 4)
(21, 5)
(21, 6)
(20, 6)
(19, 6)
(19, 5)
polygon 42
(14, 10)
(16, 10)
(16, 11)
(16, 12)
(14, 12)
(14, 11)
polygon 43
(8, 28)
(9, 28)
(10, 28)
(10, 29)
(10, 30)
(8, 30)
(8, 29)
polygon 44
(8, 0)
(10, 0)
(10, 1)
(10, 2)
(9, 2)
(8, 2)
(8, 1)
polygon 45
(26, 8)
(27, 8)
(28, 8)
(28, 9)
(28, 10)
(27, 10)
(26, 10)
polygon 46
(6, 1)
(8, 1)
(8, 2)
(8, 3)
(7, 3)
(6, 3)
(6, 2)
polygon 47
(24, 0)
(26, 0)
(26, 1)
(26, 2)
(24, 2)
(24, 1)
polygon 48
(28, 0)
(30, 0)
(30, 2)
(29, 2)
(28, 2)
(28, 1)
polygon 49
(17, 2)
(19, 2)
(19, 3)
(19, 4)
(18, 4)
(17, 4)
(17, 3)
polygon 50
(3, 24)
(5, 24)
(5, 25)
(5, 26)
(4, 26)
(3, 26)
(3, 25)
polygon 51
(28, 3)
(29, 3)
(30, 3)
(30, 5)
(29, 5)
(28, 5)
polygon 52
(23, 21)
(24, 21)
(25, 21)
(25, 23)
(24, 23)
(23, 23)
(23, 22)
polygon 53
(21, 11)
(22, 11)
(23, 11)
(23, 13)
(22, 13)
(21, 13)
polygon 54
(20, 20)
(21, 20)
(22, 20)
(22, 22)
(21, 22)
(20, 22)
polygon 55
(4, 4)
(5, 4)
(6, 4)
(7, 4)
(8, 4)
(9, 4)
(9, 5)
(8, 5)
(7, 5)
(4, 5)
polygon 56
(21, 19)
(23, 19)
(24, 19)
(25, 19)
(25, 20)
(24, 20)
(23, 20)
(22, 20)
(21, 20)
polygon 57
(21, 26)
(22, 26)
(22, 30)
(21, 30)
(21, 29)
(21, 28)
polygon 58
(20, 6)
(21, 6)
(22, 6)
(23, 6)
(24, 6)
(24, 7)
(22, 7)
(21, 7)
(20, 7)
polygon 59
(12, 0)
(13, 0)
(13, 1)
(13, 2)
(13, 3)
(13, 4)
(12, 4)
(12, 2)
(12, 1)
polygon 60
(21, 0)
(24, 0)
(24, 1)
(21, 1)
polygon 61
(6, 11)
(7, 11)
(7, 14)
(6, 14)
(6, 12)
polygon 62
(19, 14)
(20, 14)
(21, 14)
(22, 14)
(22, 15)
(21, 15)
(20, 15)
(19, 15)
polygon 63
(4, 19)
(6, 19)
(7, 19)
(7, 20)
(5, 20)
(4, 20)
polygon 64
(28, 14)
(29, 14)
(29, 15)
(29, 16)
(29, 17)
(28, 17)
(28, 16)
(28, 15)
polygon 65
(12, 13)
(13, 13)
(13, 14)
(13, 16)
(12, 16)
(12, 15)
polygon 66
(3, 0)
(6, 0)
(6, 1)
(5, 1)
(4, 1)
(3, 1)
polygon 67
(0, 14)
(1, 14)
(1, 15)
(1, 16)
(1, 17)
(0, 17)
polygon 68
(2, 25)
(3, 25)
(3, 26)
(3, 28)
(2, 28)
(2, 27)
(2, 26)
polygon 69
(13, 11)
(14, 11)
(14, 12)
(14, 14)
(13, 14)
(13, 13)
polygon 70
(23, 13)
(24, 13)
(24, 15)
(23, 15)
(23, 14)
polygon 71
(7, 27)
(8, 27)
(8, 28)
(8, 29)
(7, 29)
(7, 28)
polygon 72
(21, 3)
(23, 3)
(23, 4)
(22, 4)
(21, 4)
polygon 73
(13, 24)
(14, 24)
(14, 26)
(13, 26)
(13, 25)
polygon 74
(18, 26)
(19, 26)
(19, 28)
(18, 28)
(18, 27)
polygon 75
(6, 8)
(7, 8)
(7, 10)
(6, 10)
(6, 9)
polygon 76
(17, 27)
(18, 27)
(18, 28)
(18, 29)
(17, 29)
(17, 28)
polygon 77
(25, 11)
(26, 11)
(27, 11)
(27, 12)
(26, 12)
(25, 12)
polygon 78
(24, 24)
(25, 24)
(26, 24)
(26, 25)
(24, 25)
polygon 79
(18, 0)
(20, 0)
(20, 1)
(19, 1)
(18, 1)
polygon 80
(16, 15)
(18, 15)
(18, 16)
(16, 16)
polygon 81
(19, 1)
(20, 1)
(21, 1)
(21, 2)
(20, 2)
(19, 2)
polygon 82
(2, 20)
(3, 20)
(4, 20)
(4, 21)
(2, 21)
polygon 83
(23, 16)
(24, 16)
(24, 17)
(24, 18)
(23, 18)
(23, 17)
polygon 84
(28, 8)
(30, 8)
(30, 9)
(29, 9)
(28, 9)
polygon 85
(3, 2)
(4, 2)
(4, 3)
(4, 4)
(3, 4)
polygon 86
(3, 28)
(4, 28)
(4, 30)
(3, 30)
(3, 29)
polygon 87
(21, 22)
(22, 22)
(23, 22)
(23, 23)
(22, 23)
(21, 23)
polygon 88
(14, 6)
(15, 6)
(15, 7)
(15, 8)
(14, 8)
polygon 89
(22, 15)
(23, 15)
(23, 16)
(23, 17)
(22, 17)
(22, 16)
polygon 90
(1, 4)
(3, 4)
(3, 5)
(2, 5)
(1, 5)
polygon 91
(1, 6)
(2, 6)
(2, 8)
(1, 8)
polygon 92
(12, 6)
(13, 6)
(13, 8)
(12, 8)
polygon 93
(13, 21)
(14, 21)
(14, 23)
(13, 23)
polygon 94
(28, 5)
(29, 5)
(29, 7)
(28, 7)
(28, 6)
polygon 95
(23, 5)
(25, 5)
(25, 6)
(24, 6)
(23, 6)
polygon 96
(13, 19)
(15, 19)
(15, 20)
(14, 20)
(13, 20)
polygon 97
(21, 9)
(22, 9)
(22, 11)
(21, 11)
(21, 10)
polygon 98
(9, 14)
(10, 14)
(10, 15)
(10, 16)
(9, 16)
polygon 99
(15, 5)
(16, 5)
(16, 7)
(15, 7)
(15, 6)
polygon 100
(24, 17)
(25, 17)
(25, 19)
(24, 19)
(24, 18)
polygon 101
(14, 29)
(16, 29)
(16, 30)
(14, 30)
polygon 102
(26, 13)
(27, 13)
(27, 14)
(26, 14)
polygon 103
(13, 1)
(14, 1)
(14, 2)
(13, 2)
polygon 104
(11, 15)
(12, 15)
(12, 16)
(11, 16)
polygon 105
(22, 4)
(23, 4)
(23, 5)
(22, 5)
polygon 106
(15, 8)
(16, 8)
(16, 9)
(15, 9)
polygon 107
(23, 20)
(24, 20)
(24, 21)
(23, 21)
polygon 108
(22, 23)
(23, 23)
(23, 24)
(22, 24)
polygon 109
(4, 1)
(5, 1)
(5, 2)
(4, 2)
polygon 110
(27, 1)
(28, 1)
(28, 2)
(27, 2)
polygon 111
(11, 28)
(12, 28)
(12, 29)
(11, 29)
polygon 112
(15, 3)
(16, 3)
(16, 4)
(15, 4)
polygon 113
(19, 28)
(20, 28)
(20, 29)
(19, 29)
polygon 114
(29, 20)
(30, 20)
(30, 21)
(29, 21)
polygon 115
(2, 8)
(3, 8)
(3, 9)
(2, 9)
polygon 116
(7, 6)
(8, 6)
(8, 7)
(7, 7)
polygon 117
(19, 3)
(20, 3)
(20, 4)
(19, 4)
polygon 118
(1, 26)
(2, 26)
(2, 27)
(1, 27)
polygon 119
(6, 27)
(7, 27)
(7, 28)
(6, 28)
polygon 120
(11, 8)
(12, 8)
(12, 9)
(11, 9)
polygon 121
(6, 18)
(7, 18)
(7, 19)
(6, 19)
polygon 122
(9, 27)
(10, 27)
(10, 28)
(9, 28)
polygon 123
(29, 15)
(30, 15)
(30, 16)
(29, 16)
polygon 124
(14, 2)
(15, 2)
(15, 3)
(14, 3)
polygon 125
(3, 9)
(4, 9)
(4, 10)
(3, 10)
polygon 126
(16, 4)
(17, 4)
(17, 5)
(16, 5)
polygon 127
(2, 19)
(3, 19)
(3, 20)
(2, 20)
polygon 128
(26, 5)
(27, 5)
(27, 6)
(26, 6)
polygon 129
(4, 3)
(5, 3)
(5, 4)
(4, 4)
polygon 130
(2, 29)
(3, 29)
(3, 30)
(2, 30)
polygon 131
(20, 16)
(21, 16)
(21, 17)
(20, 17)
polygon 132
(11, 1)
(12, 1)
(12, 2)
(11, 2)
polygon 133
(27, 6)
(28, 6)
(28, 7)
(27, 7)
polygon 134
(15, 16)
(16, 16)
(16, 17)
(15, 17)
polygon 135
(9, 18)
(10, 18)
(10, 19)
(9, 19)
polygon 136
(12, 27)
(13, 27)
(13, 28)
(12, 28)
polygon 137
(26, 28)
(27, 28)
(27, 29)
(26, 29)
polygon 138
(5, 8)
(6, 8)
(6, 9)
(5, 9)
polygon 139
(26, 0)
(27, 0)
(27, 1)
(26, 1)
polygon 140
(14, 0)
(15, 0)
(15, 1)
(14, 1)
polygon 141
(27, 14)
(28, 14)
(28, 15)
(27, 15)
polygon 142
(21, 15)
(22, 15)
(22, 16)
(21, 16)
polygon 143
(29, 9)
(30, 9)
(30, 10)
(29, 10)
polygon 144
(29, 29)
(30, 29)
(30, 30)
(29, 30)
polygon 145
(29, 27)
(30, 27)
(30, 28)
(29, 28)
polygon 146
(2, 12)
(3, 12)
(3, 13)
(2, 13)
polygon 147
(26, 15)
(27, 15)
(27, 16)
(26, 16)
polygon 148
(0, 5)
(1, 5)
(1, 6)
(0, 6)
polygon 149
(10, 9)
(11, 9)
(11, 10)
(10, 10)
polygon 150
(6, 29)
(7, 29)
(7, 30)
(6, 30)
polygon 151
(20, 2)
(21, 2)
(21, 3)
(20, 3)
polygon 152
(21, 5)
(22, 5)
(22, 6)
(21, 6)
polygon 153
(25, 6)
(26, 6)
(26, 7)
(25, 7)
polygon 154
(19, 22)
(20, 22)
(20, 23)
(19, 23)
polygon 155
(26, 7)
(27, 7)
(27, 8)
(26, 8)
polygon 156
(11, 10)
(12, 10)
(12, 11)
(11, 11)
polygon 157
(19, 15)
(20, 15)
(20, 16)
(19, 16)
polygon 158
(18, 29)
(19, 29)
(19, 30)
(18, 30)
polygon 159
(1, 15)
(2, 15)
(2, 16)
(1, 16)
polygon 160
(0, 21)
(1, 21)
(1, 22)
(0, 22)
polygon 161
(18, 4)
(19, 4)
(19, 5)
(18, 5)
polygon 162
(9, 12)
(10, 12)
(10, 13)
(9, 13)
polygon 163
(14, 15)
(15, 15)
(15, 16)
(14, 16)
polygon 164
(16, 28)
(17, 28)
(17, 29)
(16, 29)
polygon 165
(20, 13)
(21, 13)
(21, 14)
(20, 14)
polygon 166
(27, 29)
(28, 29)
(28, 30)
(27, 30)
polygon 167
(29, 2)
(30, 2)
(30, 3)
(29, 3)
polygon 168
(18, 13)
(19, 13)
(19, 14)
(18, 14)
polygon 169
(24, 23)
(25, 23)
(25, 24)
(24, 24)
polygon 170
(26, 25)
(27, 25)
(27, 26)
(26, 26)
polygon 171
(8, 3)
(9, 3)
(9, 4)
(8, 4)
polygon 172
(9, 10)
(10, 10)
(10, 11)
(9, 11)
polygon 173
(8, 5)
(9, 5)
(9, 6)
(8, 6)
polygon 174
(21, 7)
(22, 7)
(22, 8)
(21, 8)
polygon 175
(5, 11)
(6, 11)
(6, 12)
(5, 12)
polygon 176
(6, 25)
(7, 25)
(7, 26)
(6, 26)
polygon 177
(6, 16)
(7, 16)
(7, 17)
(6, 17)
polygon 178
(2, 10)
(3, 10)
(3, 11)
(2, 11)
polygon 179
(20, 29)
(21, 29)
(21, 30)
(20, 30)
polygon 180
(10, 0)
(11, 0)
(11, 1)
(10, 1)
polygon 181
(28, 25)
(29, 25)
(29, 26)
(28, 26)
polygon 182
(5, 2)
(6, 2)
(6, 3)
(5, 3)
polygon 183
(22, 13)
(23, 13)
(23, 14)
(22, 14)
polygon 184
(18, 10)
(19, 10)
(19, 11)
(18, 11)
polygon 185
(10, 29)
(11, 29)
(11, 30)
(10, 30)
polygon 186
(3, 13)
(4, 13)
(4, 14)
(3, 14)
polygon 187
(6, 3)
(7, 3)
(7, 4)
(6, 4)
polygon 188
(12, 24)
(13, 24)
(13, 25)
(12, 25)
polygon 189
(17, 11)
(18, 11)
(18, 12)
(17, 12)
